행정구역(시군구)별,연령별,총인구수 (명),남자인구수 (명),여자인구수 (명)
전국,계,51632473,25742528,25889945
전국,0세,250187,128085,122102
전국,1세,272891,139700,133191
전국,2세,302478,155277,147201
전국,3세,330163,169408,160755
전국,4세,361017,185796,175221
전국,5세,408093,208690,199403
전국,6세,442185,226726,215459
전국,7세,441645,226241,215404
전국,8세,438621,224428,214193
전국,9세,489362,251050,238312
전국,10세,473995,243313,230682
전국,11세,478737,246373,232364
전국,12세,447205,230353,216852
전국,13세,466555,240153,226402
전국,14세,499406,256554,242852
전국,15세,452978,234114,218864
전국,16세,435422,225186,210236
전국,17세,469108,242848,226260
전국,18세,492285,255099,237186
전국,19세,490311,255073,235238
전국,20세,549728,285855,263873
전국,21세,632667,330001,302666
전국,22세,621530,323853,297677
전국,23세,635992,331978,304014
전국,24세,666761,344874,321887
전국,25세,679673,356368,323305
전국,26세,706680,372682,333998
전국,27세,709319,377175,332144
전국,28세,708835,376425,332410
전국,29세,721526,380241,341285
전국,30세,702703,367705,334998
전국,31세,645041,338435,306606
전국,32세,630059,330533,299526
전국,33세,623296,324205,299091
전국,34세,620022,318509,301513
전국,35세,624987,322105,302882
전국,36세,647682,333164,314518
전국,37세,656852,336782,320070
전국,38세,739426,377476,361950
전국,39세,814203,414702,399501
전국,40세,841563,428822,412741
전국,41세,830364,423440,406924
전국,42세,827736,419390,408346
전국,43세,732670,374777,357893
전국,44세,770589,388952,381637
전국,45세,754201,384957,369244
전국,46세,781986,395766,386220
전국,47세,851278,432565,418713
전국,48세,886478,445520,440958
전국,49세,889958,455211,434747
전국,50세,929744,473951,455793
전국,51세,920626,467537,453089
전국,52세,907196,457409,449787
전국,53세,921559,462064,459495
전국,54세,854298,422696,431602
전국,55세,814660,421929,392731
전국,56세,836411,419548,416863
전국,57세,823175,415731,407444
전국,58세,765825,388456,377369
전국,59세,861561,436711,424850
전국,60세,887595,441797,445798
전국,61세,915343,451181,464162
전국,62세,837813,412294,425519
전국,63세,761099,377637,383462
전국,64세,748457,370518,377939
전국,65세,680188,333763,346425
전국,66세,693046,333402,359644
전국,67세,608418,296320,312098
전국,68세,508628,243685,264943
전국,69세,555716,264905,290811
전국,70세,414601,197269,217332
전국,71세,425249,200670,224579
전국,72세,432258,202465,229793
전국,73세,421856,197072,224784
전국,74세,425445,194886,230559
전국,75세,348966,159499,189467
전국,76세,286565,128108,158457
전국,77세,308502,133216,175286
전국,78세,298978,125721,173257
전국,79세,362474,151349,211125
전국,80세,302635,122603,180032
전국,81세,250233,97729,152504
전국,82세,249291,94862,154429
전국,83세,219047,80393,138654
전국,84세,191935,68147,123788
전국,85세,173308,58435,114873
전국,86세,151535,48717,102818
전국,87세,128120,39156,88964
전국,88세,102168,29406,72762
전국,89세,84752,23026,61726
전국,90세,65913,16543,49370
전국,91세,52569,12078,40491
전국,92세,43453,9999,33454
전국,93세,33788,7139,26649
전국,94세,24816,5000,19816
전국,95세,16261,3092,13169
전국,96세,11718,2041,9677
전국,97세,7953,1626,6327
전국,98세,7121,1432,5689
전국,99세,5003,957,4046
전국,100세 이상,8153,1423,6730
서울특별시,계,9505926,4615631,4890295
서울특별시,0세,42645,21941,20704
서울특별시,1세,44681,22997,21684
서울특별시,2세,48381,25143,23238
서울특별시,3세,51247,26553,24694
서울특별시,4세,55310,28246,27064
서울특별시,5세,62274,31858,30416
서울특별시,6세,67281,34364,32917
서울특별시,7세,66873,34153,32720
서울특별시,8세,66661,34343,32318
서울특별시,9세,74399,38104,36295
서울특별시,10세,71449,36661,34788
서울특별시,11세,73835,37846,35989
서울특별시,12세,69313,35538,33775
서울특별시,13세,73703,37870,35833
서울특별시,14세,79547,40997,38550
서울특별시,15세,73622,37984,35638
서울특별시,16세,70251,36205,34046
서울특별시,17세,77776,40057,37719
서울특별시,18세,81670,41795,39875
서울특별시,19세,83857,42126,41731
서울특별시,20세,95917,46955,48962
서울특별시,21세,115378,55482,59896
서울특별시,22세,118511,56357,62154
서울특별시,23세,129050,60512,68538
서울특별시,24세,141911,65567,76344
서울특별시,25세,150535,70457,80078
서울특별시,26세,161714,77391,84323
서울특별시,27세,166575,81736,84839
서울특별시,28세,167541,83048,84493
서울특별시,29세,170249,84343,85906
서울특별시,30세,166431,82590,83841
서울특별시,31세,150475,75298,75177
서울특별시,32세,143925,72428,71497
서울특별시,33세,140786,70331,70455
서울특별시,34세,135953,67492,68461
서울특별시,35세,133632,66649,66983
서울특별시,36세,134593,67373,67220
서울특별시,37세,133003,66534,66469
서울특별시,38세,144921,72754,72167
서울특별시,39세,153538,76307,77231
서울특별시,40세,156172,78328,77844
서울특별시,41세,152618,75997,76621
서울특별시,42세,152377,74964,77413
서울특별시,43세,131409,65420,65989
서울특별시,44세,138629,67823,70806
서울특별시,45세,136992,67972,69020
서울특별시,46세,139933,69080,70853
서울특별시,47세,152154,75560,76594
서울특별시,48세,157904,77205,80699
서울특별시,49세,161671,80372,81299
서울특별시,50세,169107,84262,84845
서울특별시,51세,166264,82102,84162
서울특별시,52세,161177,79772,81405
서울특별시,53세,158926,78052,80874
서울특별시,54세,147942,71160,76782
서울특별시,55세,137178,69423,67755
서울특별시,56세,142635,69660,72975
서울특별시,57세,143150,70083,73067
서울특별시,58세,134226,66082,68144
서울특별시,59세,146362,71933,74429
서울특별시,60세,149673,72123,77550
서울특별시,61세,156765,74233,82532
서울특별시,62세,146454,69481,76973
서울특별시,63세,136248,65029,71219
서울특별시,64세,134784,63967,70817
서울특별시,65세,123300,57827,65473
서울특별시,66세,128745,59794,68951
서울특별시,67세,113207,53185,60022
서울특별시,68세,96466,45041,51425
서울특별시,69세,104109,48482,55627
서울특별시,70세,74383,34791,39592
서울특별시,71세,80372,37346,43026
서울특별시,72세,81939,37556,44383
서울특별시,73세,79652,36581,43071
서울특별시,74세,81304,36759,44545
서울특별시,75세,68386,30824,37562
서울특별시,76세,55844,25212,30632
서울특별시,77세,57185,25594,31591
서울특별시,78세,54648,24148,30500
서울특별시,79세,63906,28576,35330
서울특별시,80세,52751,23267,29484
서울특별시,81세,42472,18121,24351
서울특별시,82세,40589,16998,23591
서울특별시,83세,35238,14268,20970
서울특별시,84세,30475,11972,18503
서울특별시,85세,26724,9940,16784
서울특별시,86세,23411,8429,14982
서울특별시,87세,18922,6424,12498
서울특별시,88세,15287,4950,10337
서울특별시,89세,12578,3884,8694
서울특별시,90세,9780,2760,7020
서울특별시,91세,8058,2138,5920
서울특별시,92세,6842,1804,5038
서울특별시,93세,5404,1335,4069
서울특별시,94세,4061,940,3121
서울특별시,95세,2714,605,2109
서울특별시,96세,1866,376,1490
서울특별시,97세,1368,320,1048
서울특별시,98세,1237,323,914
서울특별시,99세,857,195,662
서울특별시,100세 이상,1683,398,1285
부산광역시,계,3348874,1638207,1710667
부산광역시,0세,14013,7199,6814
부산광역시,1세,15089,7791,7298
부산광역시,2세,17314,8839,8475
부산광역시,3세,19201,9807,9394
부산광역시,4세,21442,11055,10387
부산광역시,5세,24286,12305,11981
부산광역시,6세,26483,13652,12831
부산광역시,7세,26275,13555,12720
부산광역시,8세,25757,13210,12547
부산광역시,9세,28648,14729,13919
부산광역시,10세,27402,13961,13441
부산광역시,11세,27405,14053,13352
부산광역시,12세,24974,12911,12063
부산광역시,13세,25921,13330,12591
부산광역시,14세,27737,14229,13508
부산광역시,15세,24987,12883,12104
부산광역시,16세,24271,12565,11706
부산광역시,17세,26432,13592,12840
부산광역시,18세,28362,14750,13612
부산광역시,19세,28553,14757,13796
부산광역시,20세,32732,16794,15938
부산광역시,21세,38480,19615,18865
부산광역시,22세,39075,20120,18955
부산광역시,23세,40707,21019,19688
부산광역시,24세,42590,21761,20829
부산광역시,25세,43650,22963,20687
부산광역시,26세,44212,23066,21146
부산광역시,27세,43920,23011,20909
부산광역시,28세,43888,23015,20873
부산광역시,29세,44308,22903,21405
부산광역시,30세,42921,22295,20626
부산광역시,31세,38992,20349,18643
부산광역시,32세,38765,20172,18593
부산광역시,33세,37417,19205,18212
부산광역시,34세,36822,18611,18211
부산광역시,35세,36885,19096,17789
부산광역시,36세,38217,19592,18625
부산광역시,37세,39404,20058,19346
부산광역시,38세,45190,22906,22284
부산광역시,39세,49466,25153,24313
부산광역시,40세,52967,26751,26216
부산광역시,41세,52636,26707,25929
부산광역시,42세,52225,26384,25841
부산광역시,43세,45399,23271,22128
부산광역시,44세,46634,23563,23071
부산광역시,45세,44650,22654,21996
부산광역시,46세,47680,23905,23775
부산광역시,47세,51409,25813,25596
부산광역시,48세,54073,26759,27314
부산광역시,49세,54566,27517,27049
부산광역시,50세,56615,28053,28562
부산광역시,51세,57317,28350,28967
부산광역시,52세,56578,27679,28899
부산광역시,53세,58214,28276,29938
부산광역시,54세,55406,26367,29039
부산광역시,55세,51833,26015,25818
부산광역시,56세,53812,25751,28061
부산광역시,57세,52863,25499,27364
부산광역시,58세,51177,24932,26245
부산광역시,59세,60045,29032,31013
부산광역시,60세,62977,29683,33294
부산광역시,61세,66087,31119,34968
부산광역시,62세,61067,28700,32367
부산광역시,63세,57222,27265,29957
부산광역시,64세,57681,27623,30058
부산광역시,65세,53540,25427,28113
부산광역시,66세,56387,25860,30527
부산광역시,67세,48700,23633,25067
부산광역시,68세,41824,19451,22373
부산광역시,69세,44790,20835,23955
부산광역시,70세,36759,17103,19656
부산광역시,71세,34805,16250,18555
부산광역시,72세,35678,16187,19491
부산광역시,73세,34915,15971,18944
부산광역시,74세,33785,15221,18564
부산광역시,75세,27301,12471,14830
부산광역시,76세,21481,9725,11756
부산광역시,77세,24620,10855,13765
부산광역시,78세,23464,10247,13217
부산광역시,79세,26293,11228,15065
부산광역시,80세,21935,9002,12933
부산광역시,81세,18581,7427,11154
부산광역시,82세,17559,6810,10749
부산광역시,83세,14770,5558,9212
부산광역시,84세,12625,4583,8042
부산광역시,85세,11084,3798,7286
부산광역시,86세,9454,3042,6412
부산광역시,87세,7931,2364,5567
부산광역시,88세,6115,1812,4303
부산광역시,89세,5075,1357,3718
부산광역시,90세,3975,1002,2973
부산광역시,91세,2931,655,2276
부산광역시,92세,2521,581,1940
부산광역시,93세,2078,422,1656
부산광역시,94세,1524,251,1273
부산광역시,95세,902,162,740
부산광역시,96세,690,110,580
부산광역시,97세,428,76,352
부산광역시,98세,355,62,293
부산광역시,99세,275,57,218
부산광역시,100세 이상,398,67,331
대구광역시,계,2383858,1174667,1209191
대구광역시,0세,10271,5327,4944
대구광역시,1세,11319,5798,5521
대구광역시,2세,13297,6917,6380
대구광역시,3세,14518,7452,7066
대구광역시,4세,16369,8312,8057
대구광역시,5세,18679,9586,9093
대구광역시,6세,20162,10338,9824
대구광역시,7세,20291,10352,9939
대구광역시,8세,19736,10023,9713
대구광역시,9세,22236,11419,10817
대구광역시,10세,21392,10951,10441
대구광역시,11세,21666,11218,10448
대구광역시,12세,19991,10348,9643
대구광역시,13세,21061,10938,10123
대구광역시,14세,23019,11740,11279
대구광역시,15세,20782,10807,9975
대구광역시,16세,20786,10844,9942
대구광역시,17세,22047,11607,10440
대구광역시,18세,24299,12776,11523
대구광역시,19세,23160,12385,10775
대구광역시,20세,26678,14108,12570
대구광역시,21세,30787,16253,14534
대구광역시,22세,30468,16079,14389
대구광역시,23세,30115,16044,14071
대구광역시,24세,31779,16665,15114
대구광역시,25세,31711,16847,14864
대구광역시,26세,32403,17361,15042
대구광역시,27세,31250,16775,14475
대구광역시,28세,30968,16628,14340
대구광역시,29세,31441,16907,14534
대구광역시,30세,30295,16226,14069
대구광역시,31세,27550,14913,12637
대구광역시,32세,27539,14939,12600
대구광역시,33세,25810,14035,11775
대구광역시,34세,25840,13663,12177
대구광역시,35세,26186,13985,12201
대구광역시,36세,27021,14189,12832
대구광역시,37세,27204,14059,13145
대구광역시,38세,31347,15706,15641
대구광역시,39세,35103,17374,17729
대구광역시,40세,36788,18259,18529
대구광역시,41세,36541,18165,18376
대구광역시,42세,36848,18132,18716
대구광역시,43세,32299,16170,16129
대구광역시,44세,34697,17091,17606
대구광역시,45세,34788,17405,17383
대구광역시,46세,36559,17953,18606
대구광역시,47세,39424,19392,20032
대구광역시,48세,41470,20112,21358
대구광역시,49세,42605,20988,21617
대구광역시,50세,43832,21529,22303
대구광역시,51세,43727,21471,22256
대구광역시,52세,43626,21136,22490
대구광역시,53세,45186,22233,22953
대구광역시,54세,42945,20646,22299
대구광역시,55세,39520,19962,19558
대구광역시,56세,40828,19618,21210
대구광역시,57세,40046,19577,20469
대구광역시,58세,37188,18313,18875
대구광역시,59세,42302,20778,21524
대구광역시,60세,43133,20958,22175
대구광역시,61세,42667,20425,22242
대구광역시,62세,41045,19470,21575
대구광역시,63세,34502,16892,17610
대구광역시,64세,35150,17067,18083
대구광역시,65세,33009,15890,17119
대구광역시,66세,32596,14990,17606
대구광역시,67세,28207,13541,14666
대구광역시,68세,25137,11544,13593
대구광역시,69세,27791,12526,15265
대구광역시,70세,21822,10057,11765
대구광역시,71세,20537,9444,11093
대구광역시,72세,21565,9800,11765
대구광역시,73세,21120,9354,11766
대구광역시,74세,20191,8902,11289
대구광역시,75세,14816,6508,8308
대구광역시,76세,12218,5273,6945
대구광역시,77세,14572,6111,8461
대구광역시,78세,14892,6059,8833
대구광역시,79세,16942,7054,9888
대구광역시,80세,13907,5452,8455
대구광역시,81세,11525,4373,7152
대구광역시,82세,11629,4363,7266
대구광역시,83세,9801,3584,6217
대구광역시,84세,8627,2992,5635
대구광역시,85세,7656,2638,5018
대구광역시,86세,6732,2167,4565
대구광역시,87세,5617,1779,3838
대구광역시,88세,4391,1260,3131
대구광역시,89세,3681,1075,2606
대구광역시,90세,2772,717,2055
대구광역시,91세,2062,454,1608
대구광역시,92세,1593,336,1257
대구광역시,93세,1267,263,1004
대구광역시,94세,948,183,765
대구광역시,95세,590,104,486
대구광역시,96세,448,88,360
대구광역시,97세,284,58,226
대구광역시,98세,227,42,185
대구광역시,99세,138,15,123
대구광역시,100세 이상,256,35,221
인천광역시,계,2949150,1476663,1472487
인천광역시,0세,14311,7300,7011
인천광역시,1세,15950,8155,7795
인천광역시,2세,17599,9164,8435
인천광역시,3세,19402,9949,9453
인천광역시,4세,20713,10780,9933
인천광역시,5세,23542,11956,11586
인천광역시,6세,25585,13141,12444
인천광역시,7세,25651,13160,12491
인천광역시,8세,25292,12865,12427
인천광역시,9세,28056,14457,13599
인천광역시,10세,27840,14290,13550
인천광역시,11세,27559,14168,13391
인천광역시,12세,25930,13347,12583
인천광역시,13세,26870,13727,13143
인천광역시,14세,28912,14739,14173
인천광역시,15세,26030,13512,12518
인천광역시,16세,25111,12855,12256
인천광역시,17세,26649,13694,12955
인천광역시,18세,28293,14531,13762
인천광역시,19세,27805,14381,13424
인천광역시,20세,31270,16257,15013
인천광역시,21세,35508,18414,17094
인천광역시,22세,35295,18501,16794
인천광역시,23세,36302,18764,17538
인천광역시,24세,38698,19768,18930
인천광역시,25세,39926,20706,19220
인천광역시,26세,42071,21930,20141
인천광역시,27세,42906,22772,20134
인천광역시,28세,43410,22942,20468
인천광역시,29세,44280,23098,21182
인천광역시,30세,43127,22620,20507
인천광역시,31세,39529,20651,18878
인천광역시,32세,37868,19810,18058
인천광역시,33세,37255,19429,17826
인천광역시,34세,36361,18682,17679
인천광역시,35세,36869,19002,17867
인천광역시,36세,38529,19979,18550
인천광역시,37세,39185,20295,18890
인천광역시,38세,44105,22537,21568
인천광역시,39세,48443,24861,23582
인천광역시,40세,50758,26243,24515
인천광역시,41세,49438,25392,24046
인천광역시,42세,49543,25643,23900
인천광역시,43세,43552,22237,21315
인천광역시,44세,45488,23239,22249
인천광역시,45세,43864,22608,21256
인천광역시,46세,45858,23539,22319
인천광역시,47세,49492,25316,24176
인천광역시,48세,51553,25811,25742
인천광역시,49세,51866,26603,25263
인천광역시,50세,53533,27069,26464
인천광역시,51세,53410,26969,26441
인천광역시,52세,52308,25952,26356
인천광역시,53세,53792,26319,27473
인천광역시,54세,49812,24283,25529
인천광역시,55세,47992,24225,23767
인천광역시,56세,50409,25061,25348
인천광역시,57세,50511,25208,25303
인천광역시,58세,46800,23705,23095
인천광역시,59세,52147,26243,25904
인천광역시,60세,52761,26570,26191
인천광역시,61세,53493,26645,26848
인천광역시,62세,48196,24111,24085
인천광역시,63세,44039,22029,22010
인천광역시,64세,41943,20829,21114
인천광역시,65세,37101,18371,18730
인천광역시,66세,37272,18105,19167
인천광역시,67세,32007,15635,16372
인천광역시,68세,26407,12697,13710
인천광역시,69세,28434,13842,14592
인천광역시,70세,19240,9326,9914
인천광역시,71세,20783,10067,10716
인천광역시,72세,21402,10206,11196
인천광역시,73세,20682,9811,10871
인천광역시,74세,21097,9694,11403
인천광역시,75세,17778,8078,9700
인천광역시,76세,14024,6290,7734
인천광역시,77세,14332,6305,8027
인천광역시,78세,14086,6112,7974
인천광역시,79세,16598,6863,9735
인천광역시,80세,13747,5453,8294
인천광역시,81세,11154,4348,6806
인천광역시,82세,11137,4205,6932
인천광역시,83세,10019,3619,6400
인천광역시,84세,8468,2951,5517
인천광역시,85세,7916,2580,5336
인천광역시,86세,6894,2216,4678
인천광역시,87세,5715,1703,4012
인천광역시,88세,4719,1291,3428
인천광역시,89세,3941,976,2965
인천광역시,90세,3162,757,2405
인천광역시,91세,2515,509,2006
인천광역시,92세,2096,459,1637
인천광역시,93세,1637,337,1300
인천광역시,94세,1262,265,997
인천광역시,95세,860,168,692
인천광역시,96세,570,79,491
인천광역시,97세,493,83,410
인천광역시,98세,328,91,237
인천광역시,99세,252,47,205
인천광역시,100세 이상,427,86,341
광주광역시,계,1441636,713037,728599
광주광역시,0세,7688,3902,3786
광주광역시,1세,7820,3942,3878
광주광역시,2세,8884,4451,4433
광주광역시,3세,9738,5046,4692
광주광역시,4세,10770,5571,5199
광주광역시,5세,12314,6290,6024
광주광역시,6세,13530,6963,6567
광주광역시,7세,13524,6949,6575
광주광역시,8세,13647,6991,6656
광주광역시,9세,15320,7984,7336
광주광역시,10세,14619,7575,7044
광주광역시,11세,15145,7700,7445
광주광역시,12세,14157,7360,6797
광주광역시,13세,14859,7649,7210
광주광역시,14세,16097,8344,7753
광주광역시,15세,14757,7673,7084
광주광역시,16세,14156,7346,6810
광주광역시,17세,15292,7925,7367
광주광역시,18세,16695,8756,7939
광주광역시,19세,16323,8404,7919
광주광역시,20세,18498,9567,8931
광주광역시,21세,21296,11149,10147
광주광역시,22세,20764,10694,10070
광주광역시,23세,20885,10800,10085
광주광역시,24세,21384,11139,10245
광주광역시,25세,21214,11182,10032
광주광역시,26세,21430,11052,10378
광주광역시,27세,20679,10966,9713
광주광역시,28세,20065,10492,9573
광주광역시,29세,19994,10548,9446
광주광역시,30세,18947,9865,9082
광주광역시,31세,17066,8836,8230
광주광역시,32세,16386,8533,7853
광주광역시,33세,16171,8325,7846
광주광역시,34세,16224,8319,7905
광주광역시,35세,16461,8291,8170
광주광역시,36세,17390,8847,8543
광주광역시,37세,17984,9165,8819
광주광역시,38세,20912,10677,10235
광주광역시,39세,23166,11692,11474
광주광역시,40세,23675,11847,11828
광주광역시,41세,23193,11509,11684
광주광역시,42세,23789,11814,11975
광주광역시,43세,21264,10531,10733
광주광역시,44세,22656,11168,11488
광주광역시,45세,22479,11294,11185
광주광역시,46세,22547,11230,11317
광주광역시,47세,25205,12591,12614
광주광역시,48세,25600,12595,13005
광주광역시,49세,25935,12961,12974
광주광역시,50세,26519,13065,13454
광주광역시,51세,26144,13020,13124
광주광역시,52세,24811,12368,12443
광주광역시,53세,25901,12758,13143
광주광역시,54세,23780,11705,12075
광주광역시,55세,22874,11614,11260
광주광역시,56세,22728,11117,11611
광주광역시,57세,21276,10651,10625
광주광역시,58세,20908,10369,10539
광주광역시,59세,21221,10509,10712
광주광역시,60세,21376,10405,10971
광주광역시,61세,23347,11258,12089
광주광역시,62세,21112,10131,10981
광주광역시,63세,18595,8833,9762
광주광역시,64세,18099,8638,9461
광주광역시,65세,15485,7488,7997
광주광역시,66세,16162,7676,8486
광주광역시,67세,14037,6606,7431
광주광역시,68세,11574,5351,6223
광주광역시,69세,12810,5866,6944
광주광역시,70세,10762,5000,5762
광주광역시,71세,10975,5012,5963
광주광역시,72세,11375,5075,6300
광주광역시,73세,10571,4788,5783
광주광역시,74세,10928,4786,6142
광주광역시,75세,9107,4143,4964
광주광역시,76세,7529,3290,4239
광주광역시,77세,7638,3279,4359
광주광역시,78세,6718,2818,3900
광주광역시,79세,9315,4025,5290
광주광역시,80세,7446,3020,4426
광주광역시,81세,5977,2314,3663
광주광역시,82세,5683,2168,3515
광주광역시,83세,5149,1955,3194
광주광역시,84세,4526,1646,2880
광주광역시,85세,3750,1238,2512
광주광역시,86세,3389,1105,2284
광주광역시,87세,2961,929,2032
광주광역시,88세,2298,655,1643
광주광역시,89세,1880,519,1361
광주광역시,90세,1434,359,1075
광주광역시,91세,1268,264,1004
광주광역시,92세,1082,272,810
광주광역시,93세,747,145,602
광주광역시,94세,509,111,398
광주광역시,95세,377,67,310
광주광역시,96세,261,39,222
광주광역시,97세,158,24,134
광주광역시,98세,175,24,151
광주광역시,99세,116,17,99
광주광역시,100세 이상,179,22,157
대전광역시,계,1451272,724026,727246
대전광역시,0세,7393,3843,3550
대전광역시,1세,7671,3975,3696
대전광역시,2세,8591,4343,4248
대전광역시,3세,9220,4698,4522
대전광역시,4세,10452,5422,5030
대전광역시,5세,11707,5984,5723
대전광역시,6세,12704,6538,6166
대전광역시,7세,12613,6556,6057
대전광역시,8세,12758,6523,6235
대전광역시,9세,13896,7126,6770
대전광역시,10세,13871,7172,6699
대전광역시,11세,13729,7072,6657
대전광역시,12세,13088,6725,6363
대전광역시,13세,13934,7230,6704
대전광역시,14세,15007,7711,7296
대전광역시,15세,13781,7103,6678
대전광역시,16세,13176,6858,6318
대전광역시,17세,14666,7622,7044
대전광역시,18세,15331,7920,7411
대전광역시,19세,15257,7915,7342
대전광역시,20세,17240,8767,8473
대전광역시,21세,19948,10082,9866
대전광역시,22세,19869,10196,9673
대전광역시,23세,20902,10843,10059
대전광역시,24세,21667,11148,10519
대전광역시,25세,21705,11511,10194
대전광역시,26세,22400,11941,10459
대전광역시,27세,21721,11645,10076
대전광역시,28세,21486,11514,9972
대전광역시,29세,21668,11611,10057
대전광역시,30세,20504,10805,9699
대전광역시,31세,19095,10303,8792
대전광역시,32세,18149,9750,8399
대전광역시,33세,17916,9677,8239
대전광역시,34세,17666,9356,8310
대전광역시,35세,17579,9273,8306
대전광역시,36세,18025,9249,8776
대전광역시,37세,18094,9342,8752
대전광역시,38세,19888,10134,9754
대전광역시,39세,22206,11255,10951
대전광역시,40세,23140,11588,11552
대전광역시,41세,22656,11337,11319
대전광역시,42세,22469,11215,11254
대전광역시,43세,20829,10373,10456
대전광역시,44세,21781,10753,11028
대전광역시,45세,21843,10820,11023
대전광역시,46세,22204,11066,11138
대전광역시,47세,24477,12180,12297
대전광역시,48세,25881,12737,13144
대전광역시,49세,25461,12804,12657
대전광역시,50세,26669,13538,13131
대전광역시,51세,26097,13151,12946
대전광역시,52세,26134,13035,13099
대전광역시,53세,26990,13297,13693
대전광역시,54세,23813,11673,12140
대전광역시,55세,22094,11335,10759
대전광역시,56세,22443,11108,11335
대전광역시,57세,22452,11186,11266
대전광역시,58세,19645,9760,9885
대전광역시,59세,23429,11698,11731
대전광역시,60세,24488,12053,12435
대전광역시,61세,25035,12134,12901
대전광역시,62세,22428,10794,11634
대전광역시,63세,19692,9648,10044
대전광역시,64세,19991,9842,10149
대전광역시,65세,18358,9024,9334
대전광역시,66세,18301,8734,9567
대전광역시,67세,16353,7804,8549
대전광역시,68세,12934,6241,6693
대전광역시,69세,13907,6655,7252
대전광역시,70세,10721,5076,5645
대전광역시,71세,11008,5221,5787
대전광역시,72세,11096,5240,5856
대전광역시,73세,10673,4918,5755
대전광역시,74세,10049,4641,5408
대전광역시,75세,8386,3888,4498
대전광역시,76세,7107,3222,3885
대전광역시,77세,7529,3263,4266
대전광역시,78세,7205,3040,4165
대전광역시,79세,8894,3789,5105
대전광역시,80세,7284,3026,4258
대전광역시,81세,5468,2128,3340
대전광역시,82세,5966,2318,3648
대전광역시,83세,5226,1969,3257
대전광역시,84세,4556,1692,2864
대전광역시,85세,4092,1380,2712
대전광역시,86세,3561,1135,2426
대전광역시,87세,3026,962,2064
대전광역시,88세,2461,752,1709
대전광역시,89세,1983,591,1392
대전광역시,90세,1569,397,1172
대전광역시,91세,1193,304,889
대전광역시,92세,995,211,784
대전광역시,93세,792,175,617
대전광역시,94세,604,135,469
대전광역시,95세,373,75,298
대전광역시,96세,278,57,221
대전광역시,97세,176,33,143
대전광역시,98세,163,21,142
대전광역시,99세,95,16,79
대전광역시,100세 이상,176,30,146
울산광역시,계,1121100,575939,545161
울산광역시,0세,5811,2992,2819
울산광역시,1세,6300,3177,3123
울산광역시,2세,7241,3644,3597
울산광역시,3세,7876,4058,3818
울산광역시,4세,8826,4601,4225
울산광역시,5세,10286,5329,4957
울산광역시,6세,10967,5669,5298
울산광역시,7세,11066,5707,5359
울산광역시,8세,10839,5512,5327
울산광역시,9세,12090,6243,5847
울산광역시,10세,11341,5886,5455
울산광역시,11세,11513,5997,5516
울산광역시,12세,10784,5658,5126
울산광역시,13세,11152,5784,5368
울산광역시,14세,11893,6157,5736
울산광역시,15세,10506,5462,5044
울산광역시,16세,10093,5331,4762
울산광역시,17세,10669,5652,5017
울산광역시,18세,11408,6095,5313
울산광역시,19세,10524,5646,4878
울산광역시,20세,12129,6782,5347
울산광역시,21세,13672,7597,6075
울산광역시,22세,13080,7280,5800
울산광역시,23세,13078,7376,5702
울산광역시,24세,13704,7694,6010
울산광역시,25세,13949,8036,5913
울산광역시,26세,14395,8182,6213
울산광역시,27세,14295,8117,6178
울산광역시,28세,14376,8199,6177
울산광역시,29세,14393,8093,6300
울산광역시,30세,14495,7890,6605
울산광역시,31세,13274,7260,6014
울산광역시,32세,13483,7443,6040
울산광역시,33세,13109,7243,5866
울산광역시,34세,13135,7043,6092
울산광역시,35세,13419,7128,6291
울산광역시,36세,13903,7377,6526
울산광역시,37세,14519,7541,6978
울산광역시,38세,16463,8467,7996
울산광역시,39세,18420,9473,8947
울산광역시,40세,19295,10000,9295
울산광역시,41세,19394,10047,9347
울산광역시,42세,19024,9844,9180
울산광역시,43세,16664,8800,7864
울산광역시,44세,17567,9029,8538
울산광역시,45세,16610,8693,7917
울산광역시,46세,17143,8623,8520
울산광역시,47세,18871,9506,9365
울산광역시,48세,19590,9601,9989
울산광역시,49세,19751,9957,9794
울산광역시,50세,21032,10449,10583
울산광역시,51세,21207,10530,10677
울산광역시,52세,21160,10492,10668
울산광역시,53세,22245,11046,11199
울산광역시,54세,21117,10315,10802
울산광역시,55세,20379,10680,9699
울산광역시,56세,21163,10893,10270
울산광역시,57세,19937,10319,9618
울산광역시,58세,18144,9430,8714
울산광역시,59세,20513,10760,9753
울산광역시,60세,20942,10688,10254
울산광역시,61세,21019,10610,10409
울산광역시,62세,18695,9513,9182
울산광역시,63세,16884,8578,8306
울산광역시,64세,16147,8066,8081
울산광역시,65세,14671,7377,7294
울산광역시,66세,14546,7161,7385
울산광역시,67세,12259,6226,6033
울산광역시,68세,10675,5269,5406
울산광역시,69세,10857,5377,5480
울산광역시,70세,8380,4163,4217
울산광역시,71세,8026,4033,3993
울산광역시,72세,7771,3856,3915
울산광역시,73세,7636,3796,3840
울산광역시,74세,7123,3434,3689
울산광역시,75세,5347,2566,2781
울산광역시,76세,4193,2027,2166
울산광역시,77세,4802,2060,2742
울산광역시,78세,4660,2041,2619
울산광역시,79세,5383,2321,3062
울산광역시,80세,4057,1672,2385
울산광역시,81세,3480,1337,2143
울산광역시,82세,3371,1279,2092
울산광역시,83세,2873,1031,1842
울산광역시,84세,2471,780,1691
울산광역시,85세,2146,643,1503
울산광역시,86세,1916,529,1387
울산광역시,87세,1657,487,1170
울산광역시,88세,1362,347,1015
울산광역시,89세,1069,249,820
울산광역시,90세,861,169,692
울산광역시,91세,595,123,472
울산광역시,92세,532,107,425
울산광역시,93세,430,66,364
울산광역시,94세,303,42,261
울산광역시,95세,203,30,173
울산광역시,96세,162,13,149
울산광역시,97세,111,15,96
울산광역시,98세,91,14,77
울산광역시,99세,44,6,38
울산광역시,100세 이상,68,3,65
세종특별자치시,계,374377,186907,187470
세종특별자치시,0세,3404,1701,1703
세종특별자치시,1세,3522,1767,1755
세종특별자치시,2세,3934,2030,1904
세종특별자치시,3세,4399,2249,2150
세종특별자치시,4세,4720,2375,2345
세종특별자치시,5세,5166,2655,2511
세종특별자치시,6세,5553,2785,2768
세종특별자치시,7세,5416,2807,2609
세종특별자치시,8세,5220,2631,2589
세종특별자치시,9세,5850,3030,2820
세종특별자치시,10세,5445,2835,2610
세종특별자치시,11세,5483,2800,2683
세종특별자치시,12세,5060,2567,2493
세종특별자치시,13세,5207,2562,2645
세종특별자치시,14세,5067,2501,2566
세종특별자치시,15세,4501,2275,2226
세종특별자치시,16세,4049,2025,2024
세종특별자치시,17세,3999,1988,2011
세종특별자치시,18세,3899,1921,1978
세종특별자치시,19세,3505,1807,1698
세종특별자치시,20세,3503,1809,1694
세종특별자치시,21세,3795,2030,1765
세종특별자치시,22세,3489,1841,1648
세종특별자치시,23세,3456,1804,1652
세종특별자치시,24세,3460,1803,1657
세종특별자치시,25세,3641,1865,1776
세종특별자치시,26세,3940,2015,1925
세종특별자치시,27세,4113,2112,2001
세종특별자치시,28세,4376,2137,2239
세종특별자치시,29세,4983,2447,2536
세종특별자치시,30세,5263,2486,2777
세종특별자치시,31세,5133,2463,2670
세종특별자치시,32세,5291,2599,2692
세종특별자치시,33세,5606,2805,2801
세종특별자치시,34세,5882,2871,3011
세종특별자치시,35세,6159,3067,3092
세종특별자치시,36세,6209,3089,3120
세종특별자치시,37세,6538,3221,3317
세종특별자치시,38세,7353,3528,3825
세종특별자치시,39세,8340,4004,4336
세종특별자치시,40세,8536,4234,4302
세종특별자치시,41세,8237,4070,4167
세종특별자치시,42세,8318,4087,4231
세종특별자치시,43세,7076,3476,3600
세종특별자치시,44세,7294,3687,3607
세종특별자치시,45세,6907,3480,3427
세종특별자치시,46세,6739,3422,3317
세종특별자치시,47세,7097,3684,3413
세종특별자치시,48세,6967,3636,3331
세종특별자치시,49세,6334,3426,2908
세종특별자치시,50세,6559,3528,3031
세종특별자치시,51세,6005,3209,2796
세종특별자치시,52세,5508,2901,2607
세종특별자치시,53세,5495,2888,2607
세종특별자치시,54세,4766,2438,2328
세종특별자치시,55세,4408,2263,2145
세종특별자치시,56세,4280,2183,2097
세종특별자치시,57세,4309,2260,2049
세종특별자치시,58세,3657,1875,1782
세종특별자치시,59세,4368,2281,2087
세종특별자치시,60세,4332,2203,2129
세종특별자치시,61세,4397,2153,2244
세종특별자치시,62세,3991,1991,2000
세종특별자치시,63세,3584,1784,1800
세종특별자치시,64세,3512,1743,1769
세종특별자치시,65세,3191,1590,1601
세종특별자치시,66세,3325,1659,1666
세종특별자치시,67세,2866,1400,1466
세종특별자치시,68세,2153,1061,1092
세종특별자치시,69세,2401,1140,1261
세종특별자치시,70세,1749,858,891
세종특별자치시,71세,1868,922,946
세종특별자치시,72세,1927,921,1006
세종특별자치시,73세,1667,832,835
세종특별자치시,74세,1566,731,835
세종특별자치시,75세,1337,624,713
세종특별자치시,76세,1079,489,590
세종특별자치시,77세,1168,502,666
세종특별자치시,78세,1100,464,636
세종특별자치시,79세,1404,590,814
세종특별자치시,80세,1177,486,691
세종특별자치시,81세,930,352,578
세종특별자치시,82세,978,363,615
세종특별자치시,83세,864,323,541
세종특별자치시,84세,766,246,520
세종특별자치시,85세,746,265,481
세종특별자치시,86세,675,199,476
세종특별자치시,87세,607,185,422
세종특별자치시,88세,497,145,352
세종특별자치시,89세,380,77,303
세종특별자치시,90세,322,70,252
세종특별자치시,91세,267,60,207
세종특별자치시,92세,221,44,177
세종특별자치시,93세,171,34,137
세종특별자치시,94세,123,22,101
세종특별자치시,95세,79,15,64
세종특별자치시,96세,46,6,40
세종특별자치시,97세,32,5,27
세종특별자치시,98세,33,4,29
세종특별자치시,99세,27,6,21
세종특별자치시,100세 이상,30,8,22
경기도,계,13571450,6830317,6741133
경기도,0세,73944,37634,36310
경기도,1세,81038,41317,39721
경기도,2세,89314,45730,43584
경기도,3세,97654,50054,47600
경기도,4세,106327,54786,51541
경기도,5세,119709,61167,58542
경기도,6세,129499,66301,63198
경기도,7세,128891,65804,63087
경기도,8세,126561,64667,61894
경기도,9세,141200,72236,68964
경기도,10세,135896,69520,66376
경기도,11세,137079,70413,66666
경기도,12세,127923,65571,62352
경기도,13세,132875,68064,64811
경기도,14세,140871,71940,68931
경기도,15세,127753,65527,62226
경기도,16세,120221,61743,58478
경기도,17세,129390,66218,63172
경기도,18세,134730,69403,65327
경기도,19세,134162,69530,64632
경기도,20세,148698,76937,71761
경기도,21세,170499,89028,81471
경기도,22세,166355,86715,79640
경기도,23세,170597,88891,81706
경기도,24세,179585,93049,86536
경기도,25세,182556,96266,86290
경기도,26세,190743,101551,89192
경기도,27세,192383,103150,89233
경기도,28세,192717,103409,89308
경기도,29세,198269,105851,92418
경기도,30세,195093,102875,92218
경기도,31세,178820,93706,85114
경기도,32세,175945,92150,83795
경기도,33세,176442,91734,84708
경기도,34세,175802,90588,85214
경기도,35세,177503,91525,85978
경기도,36세,185204,95086,90118
경기도,37세,187404,96368,91036
경기도,38세,211217,108267,102950
경기도,39세,232909,119525,113384
경기도,40세,241324,122951,118373
경기도,41세,237580,121630,115950
경기도,42세,235813,119773,116040
경기도,43세,207969,106520,101449
경기도,44세,217813,110006,107807
경기도,45세,213038,108818,104220
경기도,46세,219128,111317,107811
경기도,47세,235620,119747,115873
경기도,48세,244220,122980,121240
경기도,49세,245138,125138,120000
경기도,50세,254810,129641,125169
경기도,51세,250483,127352,123131
경기도,52세,244590,122878,121712
경기도,53세,244459,122040,122419
경기도,54세,222795,109732,113063
경기도,55세,213546,110537,103009
경기도,56세,218303,110266,108037
경기도,57세,215529,109703,105826
경기도,58세,196096,100499,95597
경기도,59세,216639,111102,105537
경기도,60세,219308,110538,108770
경기도,61세,222694,112062,110632
경기도,62세,200013,100473,99540
경기도,63세,183014,92379,90635
경기도,64세,173574,86985,86589
경기도,65세,155393,76964,78429
경기도,66세,155963,76112,79851
경기도,67세,135693,66612,69081
경기도,68세,112177,54510,57667
경기도,69세,122732,59266,63466
경기도,70세,81756,39112,42644
경기도,71세,88375,41651,46724
경기도,72세,89035,41870,47165
경기도,73세,87942,41295,46647
경기도,74세,90416,41646,48770
경기도,75세,76145,34808,41337
경기도,76세,62951,28361,34590
경기도,77세,64435,28024,36411
경기도,78세,61946,26367,35579
경기도,79세,73180,31292,41888
경기도,80세,61771,25541,36230
경기도,81세,51391,20684,30707
경기도,82세,50204,19605,30599
경기도,83세,44830,16931,27899
경기도,84세,39379,14451,24928
경기도,85세,35529,12436,23093
경기도,86세,31052,10274,20778
경기도,87세,25912,8318,17594
경기도,88세,20789,6214,14575
경기도,89세,17320,4957,12363
경기도,90세,13201,3541,9660
경기도,91세,10994,2738,8256
경기도,92세,9147,2236,6911
경기도,93세,7139,1571,5568
경기도,94세,5174,1059,4115
경기도,95세,3482,698,2784
경기도,96세,2548,449,2099
경기도,97세,1753,386,1367
경기도,98세,1533,350,1183
경기도,99세,1081,257,824
경기도,100세 이상,1808,368,1440
강원도,계,1538660,774315,764345
강원도,0세,7143,3648,3495
강원도,1세,8094,4109,3985
강원도,2세,8538,4394,4144
강원도,3세,8819,4428,4391
강원도,4세,9574,4953,4621
강원도,5세,10734,5536,5198
강원도,6세,11368,5797,5571
강원도,7세,11469,5886,5583
강원도,8세,11597,5926,5671
강원도,9세,13169,6656,6513
강원도,10세,12987,6731,6256
강원도,11세,13152,6783,6369
강원도,12세,12432,6420,6012
강원도,13세,12725,6574,6151
강원도,14세,14040,7326,6714
강원도,15세,12582,6585,5997
강원도,16세,12830,6651,6179
강원도,17세,13806,7200,6606
강원도,18세,14180,7389,6791
강원도,19세,14765,7736,7029
강원도,20세,16291,8747,7544
강원도,21세,18551,10114,8437
강원도,22세,17927,9831,8096
강원도,23세,18086,10456,7630
강원도,24세,18000,10396,7604
강원도,25세,17448,10064,7384
강원도,26세,17513,10010,7503
강원도,27세,17055,9731,7324
강원도,28세,16907,9608,7299
강원도,29세,17112,9462,7650
강원도,30세,16629,8987,7642
강원도,31세,15437,8617,6820
강원도,32세,14943,8011,6932
강원도,33세,15048,7998,7050
강원도,34세,14835,7752,7083
강원도,35세,15006,7926,7080
강원도,36세,15884,8330,7554
강원도,37세,15874,8307,7567
강원도,38세,18312,9357,8955
강원도,39세,20513,10415,10098
강원도,40세,21002,10648,10354
강원도,41세,21057,10711,10346
강원도,42세,20908,10565,10343
강원도,43세,19669,10024,9645
강원도,44세,20372,10342,10030
강원도,45세,20375,10463,9912
강원도,46세,21441,10868,10573
강원도,47세,23929,12303,11626
강원도,48세,25431,13185,12246
강원도,49세,25108,13127,11981
강원도,50세,26272,13718,12554
강원도,51세,26629,13928,12701
강원도,52세,26929,13950,12979
강원도,53세,27899,14483,13416
강원도,54세,25755,13220,12535
강원도,55세,26001,13612,12389
강원도,56세,25351,12793,12558
강원도,57세,25570,13122,12448
강원도,58세,24957,12859,12098
강원도,59세,28867,14702,14165
강원도,60세,30893,15452,15441
강원도,61세,31575,15543,16032
강원도,62세,29890,14766,15124
강원도,63세,28037,14140,13897
강원도,64세,28225,14401,13824
강원도,65세,25231,12785,12446
강원도,66세,24673,12258,12415
강원도,67세,22628,11348,11280
강원도,68세,18415,9083,9332
강원도,69세,21905,10756,11149
강원도,70세,12669,5918,6751
강원도,71세,13399,6238,7161
강원도,72세,13449,6362,7087
강원도,73세,14357,6667,7690
강원도,74세,14934,6964,7970
강원도,75세,13091,6073,7018
강원도,76세,12242,5484,6758
강원도,77세,12601,5405,7196
강원도,78세,12224,5193,7031
강원도,79세,13980,5731,8249
강원도,80세,12325,4925,7400
강원도,81세,11051,4329,6722
강원도,82세,10618,4055,6563
강원도,83세,9518,3523,5995
강원도,84세,7998,2929,5069
강원도,85세,7190,2519,4671
강원도,86세,6071,1928,4143
강원도,87세,5079,1433,3646
강원도,88세,4075,1139,2936
강원도,89세,3288,845,2443
강원도,90세,2616,646,1970
강원도,91세,2286,522,1764
강원도,92세,1920,411,1509
강원도,93세,1509,300,1209
강원도,94세,1103,194,909
강원도,95세,781,125,656
강원도,96세,603,140,463
강원도,97세,408,104,304
강원도,98세,354,104,250
강원도,99세,191,39,152
강원도,100세 이상,361,68,293
충청북도,계,1597097,810548,786549
충청북도,0세,7896,3957,3939
충청북도,1세,8619,4474,4145
충청북도,2세,9214,4772,4442
충청북도,3세,10658,5467,5191
충청북도,4세,11373,5804,5569
충청북도,5세,12678,6545,6133
충청북도,6세,13523,6893,6630
충청북도,7세,13395,6741,6654
충청북도,8세,13677,6933,6744
충청북도,9세,15062,7679,7383
충청북도,10세,14751,7599,7152
충청북도,11세,15041,7722,7319
충청북도,12세,13986,7216,6770
충청북도,13세,14465,7516,6949
충청북도,14세,15571,8050,7521
충청북도,15세,13883,7132,6751
충청북도,16세,13650,7105,6545
충청북도,17세,14624,7664,6960
충청북도,18세,15093,7925,7168
충청북도,19세,15207,7996,7211
충청북도,20세,16823,8948,7875
충청북도,21세,19090,10305,8785
충청북도,22세,18450,10012,8438
충청북도,23세,18690,10296,8394
충청북도,24세,19241,10462,8779
충청북도,25세,19639,11083,8556
충청북도,26세,20357,11493,8864
충청북도,27세,20398,11651,8747
충청북도,28세,20744,12040,8704
충청북도,29세,20334,11695,8639
충청북도,30세,19292,10831,8461
충청북도,31세,18047,10020,8027
충청북도,32세,17211,9450,7761
충청북도,33세,17449,9381,8068
충청북도,34세,17697,9361,8336
충청북도,35세,17897,9560,8337
충청북도,36세,18421,9686,8735
충청북도,37세,19131,10135,8996
충청북도,38세,21156,10968,10188
충청북도,39세,23600,12239,11361
충청북도,40세,23732,12234,11498
충청북도,41세,23352,12133,11219
충청북도,42세,23507,12184,11323
충청북도,43세,21167,11093,10074
충청북도,44세,22264,11454,10810
충청북도,45세,22316,11644,10672
충청북도,46세,22990,11707,11283
충청북도,47세,25633,13231,12402
충청북도,48세,26826,13779,13047
충청북도,49세,25698,13505,12193
충청북도,50세,27239,14163,13076
충청북도,51세,27220,14081,13139
충청북도,52세,28625,14607,14018
충청북도,53세,29121,14685,14436
충청북도,54세,27213,13796,13417
충청북도,55세,26347,13855,12492
충청북도,56세,27202,13962,13240
충청북도,57세,25930,13394,12536
충청북도,58세,22901,11848,11053
충청북도,59세,28667,14926,13741
충청북도,60세,30842,15780,15062
충청북도,61세,29774,14991,14783
충청북도,62세,27431,13756,13675
충청북도,63세,25714,13108,12606
충청북도,64세,25960,13155,12805
충청북도,65세,23465,11916,11549
충청북도,66세,22950,11342,11608
충청북도,67세,20337,10111,10226
충청북도,68세,17309,8576,8733
충청북도,69세,18959,9246,9713
충청북도,70세,13252,6425,6827
충청북도,71세,12942,6202,6740
충청북도,72세,13325,6500,6825
충청북도,73세,13139,6318,6821
충청북도,74세,13328,6251,7077
충청북도,75세,10933,5009,5924
충청북도,76세,9597,4291,5306
충청북도,77세,10458,4439,6019
충청북도,78세,10401,4267,6134
충청북도,79세,13333,5377,7956
충청북도,80세,10684,4204,6480
충청북도,81세,8841,3429,5412
충청북도,82세,9417,3536,5881
충청북도,83세,8085,2878,5207
충청북도,84세,7453,2648,4805
충청북도,85세,6832,2235,4597
충청북도,86세,5967,1858,4109
충청북도,87세,5083,1519,3564
충청북도,88세,4011,1080,2931
충청북도,89세,3255,844,2411
충청북도,90세,2409,564,1845
충청북도,91세,1943,441,1502
충청북도,92세,1560,332,1228
충청북도,93세,1245,276,969
충청북도,94세,897,182,715
충청북도,95세,583,109,474
충청북도,96세,426,79,347
충청북도,97세,298,66,232
충청북도,98세,214,40,174
충청북도,99세,183,39,144
충청북도,100세 이상,279,42,237
충청남도,계,2118638,1083242,1035396
충청남도,0세,10545,5457,5088
충청남도,1세,11855,6108,5747
충청남도,2세,13192,6738,6454
충청남도,3세,14265,7244,7021
충청남도,4세,15727,8073,7654
충청남도,5세,17564,8942,8622
충청남도,6세,19054,9782,9272
충청남도,7세,18925,9678,9247
충청남도,8세,19042,9728,9314
충청남도,9세,21235,10825,10410
충청남도,10세,20773,10799,9974
충청남도,11세,20801,10799,10002
충청남도,12세,19573,10175,9398
충청남도,13세,20295,10447,9848
충청남도,14세,21446,11142,10304
충청남도,15세,19526,10139,9387
충청남도,16세,18583,9569,9014
충청남도,17세,19792,10213,9579
충청남도,18세,20090,10420,9670
충청남도,19세,19802,10508,9294
충청남도,20세,22056,11662,10394
충청남도,21세,24697,13146,11551
충청남도,22세,23396,12807,10589
충청남도,23세,22969,12752,10217
충청남도,24세,23210,12783,10427
충청남도,25세,23292,13062,10230
충청남도,26세,23884,13569,10315
충청남도,27세,24116,13943,10173
충청남도,28세,24500,13643,10857
충청남도,29세,25478,14084,11394
충청남도,30세,24109,13300,10809
충청남도,31세,23277,12928,10349
충청남도,32세,23307,12821,10486
충청남도,33세,23526,12789,10737
충청남도,34세,24653,13243,11410
충청남도,35세,24953,13289,11664
충청남도,36세,25326,13636,11690
충청남도,37세,26015,13796,12219
충청남도,38세,29629,15736,13893
충청남도,39세,33441,17748,15693
충청남도,40세,33903,18168,15735
충청남도,41세,33301,17797,15504
충청남도,42세,32782,17223,15559
충청남도,43세,29642,16057,13585
충청남도,44세,31010,16619,14391
충청남도,45세,30349,15973,14376
충청남도,46세,31246,16351,14895
충청남도,47세,34160,18148,16012
충청남도,48세,35418,18832,16586
충청남도,49세,33890,18361,15529
충청남도,50세,36801,19894,16907
충청남도,51세,35226,18971,16255
충청남도,52세,35799,19031,16768
충청남도,53세,36495,19208,17287
충청남도,54세,33682,17682,16000
충청남도,55세,31235,16880,14355
충청남도,56세,32699,17122,15577
충청남도,57세,34041,17946,16095
충청남도,58세,29350,15373,13977
충청남도,59세,35040,18543,16497
충청남도,60세,37606,19568,18038
충청남도,61세,39108,19859,19249
충청남도,62세,34465,17417,17048
충청남도,63세,31005,15653,15352
충청남도,64세,30653,15623,15030
충청남도,65세,28124,14135,13989
충청남도,66세,29886,14883,15003
충청남도,67세,26471,12937,13534
충청남도,68세,20936,10326,10610
충청남도,69세,22883,11051,11832
충청남도,70세,19026,9276,9750
충청남도,71세,19893,9494,10399
충청남도,72세,20083,9676,10407
충청남도,73세,19259,9301,9958
충청남도,74세,19112,9038,10074
충청남도,75세,15258,7354,7904
충청남도,76세,12442,5664,6778
충청남도,77세,14500,6196,8304
충청남도,78세,14127,5831,8296
충청남도,79세,18490,7494,10996
충청남도,80세,15469,6050,9419
충청남도,81세,12132,4649,7483
충청남도,82세,13606,5068,8538
충청남도,83세,12479,4449,8030
충청남도,84세,11208,3967,7241
충청남도,85세,10652,3652,7000
충청남도,86세,9455,3069,6386
충청남도,87세,8030,2561,5469
충청남도,88세,6424,1928,4496
충청남도,89세,5581,1589,3992
충청남도,90세,4086,1075,3011
충청남도,91세,3072,754,2318
충청남도,92세,2552,613,1939
충청남도,93세,2025,437,1588
충청남도,94세,1374,296,1078
충청남도,95세,939,200,739
충청남도,96세,677,135,542
충청남도,97세,453,95,358
충청남도,98세,380,75,305
충청남도,99세,301,39,262
충청남도,100세 이상,428,63,365
전라북도,계,1785392,888291,897101
전라북도,0세,7159,3664,3495
전라북도,1세,8208,4156,4052
전라북도,2세,8996,4612,4384
전라북도,3세,9998,5083,4915
전라북도,4세,11387,5842,5545
전라북도,5세,12680,6490,6190
전라북도,6세,14282,7362,6920
전라북도,7세,14570,7541,7029
전라북도,8세,14739,7543,7196
전라북도,9세,16588,8584,8004
전라북도,10세,16469,8431,8038
전라북도,11세,16941,8680,8261
전라북도,12세,15823,8140,7683
전라북도,13세,16556,8614,7942
전라북도,14세,17855,9187,8668
전라북도,15세,16223,8398,7825
전라북도,16세,16198,8494,7704
전라북도,17세,17298,8931,8367
전라북도,18세,18136,9307,8829
전라북도,19세,18371,9730,8641
전라북도,20세,20139,10629,9510
전라북도,21세,22786,12138,10648
전라북도,22세,21505,11462,10043
전라북도,23세,21308,11709,9599
전라북도,24세,21005,11626,9379
전라북도,25세,20508,11267,9241
전라북도,26세,20392,11326,9066
전라북도,27세,20036,10890,9146
전라북도,28세,19046,10279,8767
전라북도,29세,18920,10041,8879
전라북도,30세,18040,9534,8506
전라북도,31세,16856,8954,7902
전라북도,32세,16281,8606,7675
전라북도,33세,16101,8421,7680
전라북도,34세,16238,8340,7898
전라북도,35세,16790,8607,8183
전라북도,36세,17896,9052,8844
전라북도,37세,18526,9477,9049
전라북도,38세,21090,10771,10319
전라북도,39세,23510,12005,11505
전라북도,40세,24108,12278,11830
전라북도,41세,24458,12449,12009
전라북도,42세,24407,12582,11825
전라북도,43세,22888,11717,11171
전라북도,44세,25017,12699,12318
전라북도,45세,24223,12524,11699
전라북도,46세,25423,13033,12390
전라북도,47세,29124,14982,14142
전라북도,48세,29974,15332,14642
전라북도,49세,29723,15601,14122
전라북도,50세,31654,16653,15001
전라북도,51세,30840,16046,14794
전라북도,52세,30239,15835,14404
전라북도,53세,32024,16644,15380
전라북도,54세,29463,15078,14385
전라북도,55세,29245,15406,13839
전라북도,56세,29612,15271,14341
전라북도,57세,28442,14803,13639
전라북도,58세,26742,13748,12994
전라북도,59세,30550,15722,14828
전라북도,60세,31616,15938,15678
전라북도,61세,35017,17400,17617
전라북도,62세,31248,15521,15727
전라북도,63세,26910,13324,13586
전라북도,64세,27868,14110,13758
전라북도,65세,25317,12664,12653
전라북도,66세,26630,13127,13503
전라북도,67세,24532,11902,12630
전라북도,68세,19286,9407,9879
전라북도,69세,20700,9910,10790
전라북도,70세,18332,8856,9476
전라북도,71세,20496,9683,10813
전라북도,72세,19203,8888,10315
전라북도,73세,17644,8214,9430
전라북도,74세,19877,9162,10715
전라북도,75세,16583,7649,8934
전라북도,76세,12657,5578,7079
전라북도,77세,13247,5584,7663
전라북도,78세,12914,5161,7753
전라북도,79세,18650,7286,11364
전라북도,80세,15976,6157,9819
전라북도,81세,11698,4301,7397
전라북도,82세,12651,4579,8072
전라북도,83세,11421,4037,7384
전라북도,84세,10152,3417,6735
전라북도,85세,9275,2995,6280
전라북도,86세,8491,2667,5824
전라북도,87세,7258,2176,5082
전라북도,88세,5938,1669,4269
전라북도,89세,4709,1231,3478
전라북도,90세,3882,964,2918
전라북도,91세,2908,651,2257
전라북도,92세,2407,571,1836
전라북도,93세,1918,394,1524
전라북도,94세,1513,307,1206
전라북도,95세,859,167,692
전라북도,96세,539,86,453
전라북도,97세,374,67,307
전라북도,98세,349,52,297
전라북도,99세,322,56,266
전라북도,100세 이상,419,57,362
전라남도,계,1832604,922190,910414
전라남도,0세,8035,4083,3952
전라남도,1세,9373,4757,4616
전라남도,2세,10246,5227,5019
전라남도,3세,10819,5498,5321
전라남도,4세,11552,5999,5553
전라남도,5세,13098,6683,6415
전라남도,6세,14144,7277,6867
전라남도,7세,14269,7258,7011
전라남도,8세,14740,7525,7215
전라남도,9세,16484,8341,8143
전라남도,10세,16477,8294,8183
전라남도,11세,16497,8580,7917
전라남도,12세,15411,7904,7507
전라남도,13세,15885,8208,7677
전라남도,14세,17083,8829,8254
전라남도,15세,15615,8012,7603
전라남도,16세,15156,7786,7370
전라남도,17세,16364,8522,7842
전라남도,18세,17303,9007,8296
전라남도,19세,17295,9129,8166
전라남도,20세,19152,10451,8701
전라남도,21세,21394,11927,9467
전라남도,22세,20331,11400,8931
전라남도,23세,19715,11152,8563
전라남도,24세,19511,11026,8485
전라남도,25세,19071,10863,8208
전라남도,26세,19426,11114,8312
전라남도,27세,18490,10455,8035
전라남도,28세,18219,10206,8013
전라남도,29세,17998,9666,8332
전라남도,30세,17286,9383,7903
전라남도,31세,15857,8458,7399
전라남도,32세,15638,8358,7280
전라남도,33세,15427,8138,7289
전라남도,34세,15834,8141,7693
전라남도,35세,16663,8651,8012
전라남도,36세,17706,9169,8537
전라남도,37세,18401,9618,8783
전라남도,38세,21162,10958,10204
전라남도,39세,23696,12642,11054
전라남도,40세,23864,12730,11134
전라남도,41세,24110,12713,11397
전라남도,42세,24526,12769,11757
전라남도,43세,22435,11936,10499
전라남도,44세,24202,12680,11522
전라남도,45세,23455,12669,10786
전라남도,46세,24539,13045,11494
전라남도,47세,27240,14637,12603
전라남도,48세,28634,15393,13241
전라남도,49세,29302,15754,13548
전라남도,50세,31030,16982,14048
전라남도,51세,30967,16723,14244
전라남도,52세,30635,16480,14155
전라남도,53세,32716,17708,15008
전라남도,54세,31075,16706,14369
전라남도,55세,31193,17243,13950
전라남도,56세,31794,17060,14734
전라남도,57세,30541,16208,14333
전라남도,58세,30558,16280,14278
전라남도,59세,32028,17043,14985
전라남도,60세,33179,17088,16091
전라남도,61세,36854,18836,18018
전라남도,62세,33924,17301,16623
전라남도,63세,30575,15713,14862
전라남도,64세,29870,15308,14562
전라남도,65세,26104,13327,12777
전라남도,66세,27556,13884,13672
전라남도,67세,24853,12392,12461
전라남도,68세,19730,9613,10117
전라남도,69세,22997,11096,11901
전라남도,70세,20995,10335,10660
전라남도,71세,20949,10001,10948
전라남도,72세,20995,10093,10902
전라남도,73세,20158,9549,10609
전라남도,74세,21722,9916,11806
전라남도,75세,17798,8028,9770
전라남도,76세,15503,6553,8950
전라남도,77세,15928,6618,9310
전라남도,78세,14917,5760,9157
전라남도,79세,22101,8545,13556
전라남도,80세,18279,6880,11399
전라남도,81세,15857,5601,10256
전라남도,82세,15526,5357,10169
전라남도,83세,13912,4554,9358
전라남도,84세,12380,3863,8517
전라남도,85세,10867,3201,7666
전라남도,86세,9328,2659,6669
전라남도,87세,8220,2193,6027
전라남도,88세,6444,1614,4830
전라남도,89세,5431,1343,4088
전라남도,90세,4356,949,3407
전라남도,91세,3651,707,2944
전라남도,92세,3008,628,2380
전라남도,93세,1987,398,1589
전라남도,94세,1458,283,1175
전라남도,95세,981,154,827
전라남도,96세,676,112,564
전라남도,97세,499,101,398
전라남도,98세,526,78,448
전라남도,99세,373,56,317
전라남도,100세 이상,470,49,421
경상북도,계,2624310,1322509,1301801
경상북도,0세,11591,5922,5669
경상북도,1세,12728,6549,6179
경상북도,2세,14165,7226,6939
경상북도,3세,15775,8184,7591
경상북도,4세,16964,8730,8234
경상북도,5세,19588,9995,9593
경상북도,6세,20952,10747,10205
경상북도,7세,20854,10736,10118
경상북도,8세,21099,10947,10152
경상북도,9세,23313,12137,11176
경상북도,10세,22587,11691,10896
경상북도,11세,22236,11476,10760
경상북도,12세,20984,10915,10069
경상북도,13세,21878,11482,10396
경상북도,14세,23286,12037,11249
경상북도,15세,21152,11160,9992
경상북도,16세,21117,11126,9991
경상북도,17세,22159,11801,10358
경상북도,18세,23223,12292,10931
경상북도,19세,23126,12362,10764
경상북도,20세,26128,14141,11987
경상북도,21세,29560,16512,13048
경상북도,22세,28287,15883,12404
경상북도,23세,26807,15360,11447
경상북도,24세,27458,15705,11753
경상북도,25세,26938,15574,11364
경상북도,26세,27677,16005,11672
경상북도,27세,27372,15790,11582
경상북도,28세,26713,15276,11437
경상북도,29세,27585,15357,12228
경상북도,30세,26684,14754,11930
경상북도,31세,25259,13991,11268
경상북도,32세,24987,13953,11034
경상북도,33세,24946,13668,11278
경상북도,34세,25890,13853,12037
경상북도,35세,26394,13936,12458
경상북도,36세,27572,14725,12847
경상북도,37세,27877,14500,13377
경상북도,38세,32049,16775,15274
경상북도,39세,36139,18596,17543
경상북도,40세,37736,19485,18251
경상북도,41세,36967,19445,17522
경상북도,42세,36868,19249,17619
경상북도,43세,32936,17399,15537
경상북도,44세,35215,18190,17025
경상북도,45세,34470,17977,16493
경상북도,46세,37072,19153,17919
경상북도,47세,40583,21036,19547
경상북도,48세,42177,21591,20586
경상북도,49세,42793,22602,20191
경상북도,50세,44169,23289,20880
경상북도,51세,45196,23572,21624
경상북도,52세,45645,23761,21884
경상북도,53세,48155,24848,23307
경상북도,54세,44852,22833,22019
경상북도,55세,44192,23562,20630
경상북도,56세,45384,23212,22172
경상북도,57세,44661,23159,21502
경상북도,58세,42782,22021,20761
경상북도,59세,48956,25327,23629
경상북도,60세,51596,26271,25325
경상북도,61세,52209,26361,25848
경상북도,62세,51087,25387,25700
경상북도,63세,43756,22142,21614
경상북도,64세,44568,22813,21755
경상북도,65세,42282,21284,20998
경상북도,66세,41567,20347,21220
경상북도,67세,37271,18527,18744
경상북도,68세,33744,16252,17492
경상북도,69세,36375,17400,18975
경상북도,70세,29044,13898,15146
경상북도,71세,27064,12996,14068
경상북도,72세,28752,13893,14859
경상북도,73세,28250,13474,14776
경상북도,74세,26957,12641,14316
경상북도,75세,19667,9161,10506
경상북도,76세,16295,7126,9169
경상북도,77세,20261,8322,11939
경상북도,78세,21805,8585,13220
경상북도,79세,26601,10524,16077
경상북도,80세,21094,8103,12991
경상북도,81세,18373,6644,11729
경상북도,82세,19645,7017,12628
경상북도,83세,16661,5656,11005
경상북도,84세,14749,4828,9921
경상북도,85세,13718,4290,9428
경상북도,86세,12118,3668,8450
경상북도,87세,10511,2979,7532
경상북도,88세,8138,2220,5918
경상북도,89세,6900,1747,5153
경상북도,90세,5385,1290,4095
경상북도,91세,4134,889,3245
경상북도,92세,3136,664,2472
경상북도,93세,2639,491,2148
경상북도,94세,1976,406,1570
경상북도,95세,1198,193,1005
경상북도,96세,929,144,785
경상북도,97세,539,104,435
경상북도,98세,512,78,434
경상북도,99세,330,55,275
경상북도,100세 이상,566,59,507
경상남도,계,3311438,1666968,1644470
경상남도,0세,14738,7675,7063
경상남도,1세,16669,8544,8125
경상남도,2세,18941,9708,9233
경상남도,3세,21503,11001,10502
경상남도,4세,23936,12399,11537
경상남도,5세,27533,14158,13375
경상남도,6세,30284,15558,14726
경상남도,7세,30597,15813,14784
경상남도,8세,30286,15501,14785
경상남도,9세,33947,17485,16462
경상남도,10세,33303,17065,16238
경상남도,11세,33191,17201,15990
경상남도,12세,30825,15973,14852
경상남도,13세,32163,16533,15630
경상남도,14세,34513,17794,16719
경상남도,15세,30404,15870,14534
경상남도,16세,29271,15206,14065
경상남도,17세,31445,16639,14806
경상남도,18세,32394,17061,15333
경상남도,19세,31852,17020,14832
경상남도,20세,34998,19297,15701
경상남도,21세,38837,21759,17078
경상남도,22세,36861,20468,16393
경상남도,23세,35551,20082,15469
경상남도,24세,35543,20015,15528
경상남도,25세,35988,20456,15532
경상남도,26세,35901,20349,15552
경상남도,27세,35740,20046,15694
경상남도,28세,35525,19656,15869
경상남도,29세,36101,19706,16395
경상남도,30세,35642,19202,16440
경상남도,31세,33060,17920,15140
경상남도,32세,33382,17938,15444
경상남도,33세,33302,17604,15698
경상남도,34세,34091,17599,16492
경상남도,35세,35187,18391,16796
경상남도,36세,37748,19723,18025
경상남도,37세,39310,20236,19074
경상남도,38세,45124,23202,21922
경상남도,39세,50687,25933,24754
경상남도,40세,53321,27435,25886
경상남도,41세,53664,27640,26024
경상남도,42세,52898,27305,25593
경상남도,43세,47834,24877,22957
경상남도,44세,49459,25253,24206
경상남도,45세,47661,24632,23029
경상남도,46세,50827,25938,24889
경상남도,47세,55031,28180,26851
경상남도,48세,58726,29807,28919
경상남도,49세,57557,30035,27522
경상남도,50세,60722,31312,29410
경상남도,51세,61373,31576,29797
경상남도,52세,61149,31132,30017
경상남도,53세,61790,31320,30470
경상남도,54세,58690,29231,29459
경상남도,55세,55416,29351,26065
경상남도,56세,56969,28820,28149
경상남도,57세,53457,27236,26221
경상남도,58세,49838,25717,24121
경상남도,59세,59896,30722,29174
경상남도,60세,62306,31166,31140
경상남도,61세,64359,32028,32331
경상남도,62세,56638,28444,28194
경상남도,63세,52074,26437,25637
경상남도,64세,51615,25940,25675
경상남도,65세,47236,23547,23689
경상남도,66세,48129,23383,24746
경상남도,67세,41819,20931,20888
경상남도,68세,34265,16635,17630
경상남도,69세,38099,18561,19538
경상남도,70세,30662,14644,16018
경상남도,71세,28643,13713,14930
경상남도,72세,29778,14078,15700
경상남도,73세,28882,13639,15243
경상남도,74세,27873,12727,15146
경상남도,75세,22405,10209,12196
경상남도,76세,17450,7693,9757
경상남도,77세,21245,8919,12326
경상남도,78세,20089,8014,12075
경상남도,79세,23389,8965,14424
경상남도,80세,20907,7830,13077
경상남도,81세,18032,6427,11605
경상남도,82세,17469,5930,11539
경상남도,83세,15290,5008,10282
경상남도,84세,13499,4291,9208
경상남도,85세,12770,3870,8900
경상남도,86세,10951,3108,7843
경상남도,87세,9607,2577,7030
경상남도,88세,7470,1882,5588
경상남도,89세,6329,1432,4897
경상남도,90세,5084,1054,4030
경상남도,91세,3863,722,3141
경상남도,92세,3084,596,2488
경상남도,93세,2335,426,1909
경상남도,94세,1656,296,1360
경상남도,95세,1114,188,926
경상남도,96세,822,114,708
경상남도,97세,476,77,399
경상남도,98세,399,60,339
경상남도,99세,267,44,223
경상남도,100세 이상,407,58,349
제주특별자치도,계,676691,339071,337620
제주특별자치도,0세,3600,1840,1760
제주특별자치도,1세,3955,2084,1871
제주특별자치도,2세,4631,2339,2292
제주특별자치도,3세,5071,2637,2434
제주특별자치도,4세,5575,2848,2727
제주특별자치도,5세,6255,3211,3044
제주특별자치도,6세,6814,3559,3255
제주특별자치도,7세,6966,3545,3421
제주특별자치도,8세,6970,3560,3410
제주특별자치도,9세,7869,4015,3854
제주특별자치도,10세,7393,3852,3541
제주특별자치도,11세,7464,3865,3599
제주특별자치도,12세,6951,3585,3366
제주특별자치도,13세,7006,3625,3381
제주특별자치도,14세,7462,3831,3631
제주특별자치도,15세,6874,3592,3282
제주특별자치도,16세,6503,3477,3026
제주특별자치도,17세,6700,3523,3177
제주특별자치도,18세,7179,3751,3428
제주특별자치도,19세,6747,3641,3106
제주특별자치도,20세,7476,4004,3472
제주특별자치도,21세,8389,4450,3939
제주특별자치도,22세,7867,4207,3660
제주특별자치도,23세,7774,4118,3656
제주특별자치도,24세,8015,4267,3748
제주특별자치도,25세,7902,4166,3736
제주특별자치도,26세,8222,4327,3895
제주특별자치도,27세,8270,4385,3885
제주특별자치도,28세,8354,4333,4021
제주특별자치도,29세,8413,4429,3984
제주특별자치도,30세,7945,4062,3883
제주특별자치도,31세,7314,3768,3546
제주특별자치도,32세,6959,3572,3387
제주특별자치도,33세,6985,3422,3563
제주특별자치도,34세,7099,3595,3504
제주특별자치도,35세,7404,3729,3675
제주특별자치도,36세,8038,4062,3976
제주특별자치도,37세,8383,4130,4253
제주특별자치도,38세,9508,4733,4775
제주특별자치도,39세,11026,5480,5546
제주특별자치도,40세,11242,5643,5599
제주특별자치도,41세,11162,5698,5464
제주특별자치도,42세,11434,5657,5777
제주특별자치도,43세,9638,4876,4762
제주특별자치도,44세,10491,5356,5135
제주특별자치도,45세,10181,5331,4850
제주특별자치도,46세,10657,5536,5121
제주특별자치도,47세,11829,6259,5570
제주특별자치도,48세,12034,6165,5869
제주특별자치도,49세,12560,6460,6100
제주특별자치도,50세,13181,6806,6375
제주특별자치도,51세,12521,6486,6035
제주특별자치도,52세,12283,6400,5883
제주특별자치도,53세,12151,6259,5892
제주특별자치도,54세,11192,5831,5361
제주특별자치도,55세,11207,5966,5241
제주특별자치도,56세,10799,5651,5148
제주특별자치도,57세,10460,5377,5083
제주특별자치도,58세,10856,5645,5211
제주특별자치도,59세,10531,5390,5141
제주특별자치도,60세,10567,5313,5254
제주특별자치도,61세,10943,5524,5419
제주특별자치도,62세,10129,5038,5091
제주특별자치도,63세,9248,4683,4565
제주특별자치도,64세,8817,4408,4409
제주특별자치도,65세,8381,4147,4234
제주특별자치도,66세,8358,4087,4271
제주특별자치도,67세,7178,3530,3648
제주특별자치도,68세,5596,2628,2968
제주특별자치도,69세,5967,2896,3071
제주특별자치도,70세,5049,2431,2618
제주특별자치도,71세,5114,2397,2717
제주특별자치도,72세,4885,2264,2621
제주특별자치도,73세,5309,2564,2745
제주특별자치도,74세,5183,2373,2810
제주특별자치도,75세,4628,2106,2522
제주특별자치도,76세,3953,1830,2123
제주특별자치도,77세,3981,1740,2241
제주특별자치도,78세,3782,1614,2168
제주특별자치도,79세,4015,1689,2326
제주특별자치도,80세,3826,1535,2291
제주특별자치도,81세,3271,1265,2006
제주특별자치도,82세,3243,1211,2032
제주특별자치도,83세,2911,1050,1861
제주특별자치도,84세,2603,891,1712
제주특별자치도,85세,2361,755,1606
제주특별자치도,86세,2070,664,1406
제주특별자치도,87세,1984,567,1417
제주특별자치도,88세,1749,448,1301
제주특별자치도,89세,1352,310,1042
제주특별자치도,90세,1019,229,790
제주특별자치도,91세,829,147,682
제주특별자치도,92세,757,134,623
제주특별자치도,93세,465,69,396
제주특별자치도,94세,331,28,303
제주특별자치도,95세,226,32,194
제주특별자치도,96세,177,14,163
제주특별자치도,97세,103,12,91
제주특별자치도,98세,245,14,231
제주특별자치도,99세,151,13,138
제주특별자치도,100세 이상,198,10,188
